0.000000000000000000e+00 2.046114590532593092e-01 2.808056444624486558e-01 2.024685373688836221e-01 1.963657151981756666e-01 2.718532741999870050e-01 9.429386013170344694e-02
2.046114590532593092e-01 0.000000000000000000e+00 3.986846088597950644e-01 3.171729650806661138e-01 1.180036534477670040e-01 1.501334013222513364e-01 1.445093797989203954e-01
2.808056444624486558e-01 3.986846088597950644e-01 0.000000000000000000e+00 2.650283851375496713e-01 2.071578535904660678e-01 2.929744658685784486e-01 2.407475102171791059e-01
2.024685373688836221e-01 3.171729650806661138e-01 2.650283851375496713e-01 0.000000000000000000e+00 1.244257587210831351e-01 2.193347001689755493e-01 1.431975152318469002e-01
1.963657151981756666e-01 1.180036534477670040e-01 2.071578535904660678e-01 1.244257587210831351e-01 0.000000000000000000e+00 1.871512263486349026e-01 1.404814553809181354e-01
2.718532741999870050e-01 1.501334013222513364e-01 2.929744658685784486e-01 2.193347001689755493e-01 1.871512263486349026e-01 0.000000000000000000e+00 2.316460968671192888e-01
9.429386013170344694e-02 1.445093797989203954e-01 2.407475102171791059e-01 1.431975152318469002e-01 1.404814553809181354e-01 2.316460968671192888e-01 0.000000000000000000e+00
