0.000000000000000000e+00 2.081343086392162434e+01 1.661096811667009376e+01 2.058949917329557167e+01 2.800763418534179294e+01 3.373592375873709415e+01 3.345552764214712482e+00
2.081343086392162434e+01 0.000000000000000000e+00 5.529877647815821362e+00 2.064217256084102114e+00 7.429290193146950827e+00 1.298713217057110825e+01 1.796562545517455689e+01
1.661096811667009376e+01 5.529877647815821362e+00 0.000000000000000000e+00 4.154559097297659598e+00 1.146432047380413088e+01 1.712593253280225269e+01 1.369050286171896680e+01
2.058949917329557167e+01 2.064217256084102114e+00 4.154559097297659598e+00 0.000000000000000000e+00 7.617165548131121788e+00 1.314945210727700342e+01 1.767516277656635282e+01
2.800763418534179294e+01 7.429290193146950827e+00 1.146432047380413088e+01 7.617165548131121788e+00 0.000000000000000000e+00 7.176456339153483022e+00 2.505591348364928805e+01
3.373592375873709415e+01 1.298713217057110825e+01 1.712593253280225269e+01 1.314945210727700342e+01 7.176456339153483022e+00 0.000000000000000000e+00 3.081459308387910312e+01
3.345552764214712482e+00 1.796562545517455689e+01 1.369050286171896680e+01 1.767516277656635282e+01 2.505591348364928805e+01 3.081459308387910312e+01 0.000000000000000000e+00
