0.000000000000000000e+00 3.345552764214712482e+00 1.310282496147799769e+01 1.369050286171896680e+01 1.796562545517455689e+01 1.767516277656635282e+01 2.308777176846856705e+01 2.415581328677314943e+01 2.505591348364928805e+01 3.081459308387910312e+01
3.345552764214712482e+00 0.000000000000000000e+00 1.602437985933597275e+01 1.661096811667009376e+01 2.081343086392162434e+01 2.058949917329557167e+01 2.600859130292472443e+01 2.707198949118432907e+01 2.800763418534179294e+01 3.373592375873709415e+01
1.310282496147799769e+01 1.602437985933597275e+01 0.000000000000000000e+00 1.787480665741364882e+00 5.710067296253424018e+00 4.707166469002708631e+00 9.988979702303202757e+00 1.107931560353245182e+01 1.207366794627010087e+01 1.771180846143047205e+01
1.369050286171896680e+01 1.661096811667009376e+01 1.787480665741364882e+00 0.000000000000000000e+00 5.529877647815821362e+00 4.154559097297659598e+00 9.400130842381717144e+00 1.047816271332054505e+01 1.146432047380413088e+01 1.712593253280225269e+01
1.796562545517455689e+01 2.081343086392162434e+01 5.710067296253424018e+00 5.529877647815821362e+00 0.000000000000000000e+00 2.064217256084102114e+00 5.198490530232924733e+00 6.261362891922559903e+00 7.429290193146950827e+00 1.298713217057110825e+01
1.767516277656635282e+01 2.058949917329557167e+01 4.707166469002708631e+00 4.154559097297659598e+00 2.064217256084102114e+00 0.000000000000000000e+00 5.422468405736539765e+00 6.491555463972080275e+00 7.617165548131121788e+00 1.314945210727700342e+01
2.308777176846856705e+01 2.600859130292472443e+01 9.988979702303202757e+00 9.400130842381717144e+00 5.198490530232924733e+00 5.422468405736539765e+00 0.000000000000000000e+00 1.436972066671338588e+00 3.225326031081506173e+00 8.722041865942692596e+00
2.415581328677314943e+01 2.707198949118432907e+01 1.107931560353245182e+01 1.047816271332054505e+01 6.261362891922559903e+00 6.491555463972080275e+00 1.436972066671338588e+00 0.000000000000000000e+00 3.180539282772357534e+00 8.763244906456572281e+00
2.505591348364928805e+01 2.800763418534179294e+01 1.207366794627010087e+01 1.146432047380413088e+01 7.429290193146950827e+00 7.617165548131121788e+00 3.225326031081506173e+00 3.180539282772357534e+00 0.000000000000000000e+00 7.176456339153483022e+00
3.081459308387910312e+01 3.373592375873709415e+01 1.771180846143047205e+01 1.712593253280225269e+01 1.298713217057110825e+01 1.314945210727700342e+01 8.722041865942692596e+00 8.763244906456572281e+00 7.176456339153483022e+00 0.000000000000000000e+00
