0.000000000000000000e+00 2.046114590532593092e-01 2.808056444624486558e-01 2.024685373688836221e-01 2.022501942849712075e-01 2.718532741999870050e-01 9.429386013170344694e-02
2.046114590532593092e-01 0.000000000000000000e+00 3.986846088597950644e-01 3.171729650806661138e-01 1.262941433307478156e-01 1.501334013222513364e-01 1.445093797989203954e-01
2.808056444624486558e-01 3.986846088597950644e-01 0.000000000000000000e+00 2.650283851375496713e-01 2.419868843999643526e-01 2.929744658685784486e-01 2.407475102171791059e-01
2.024685373688836221e-01 3.171729650806661138e-01 2.650283851375496713e-01 0.000000000000000000e+00 1.407475319757899856e-01 2.193347001689755493e-01 1.431975152318469002e-01
2.022501942849712075e-01 1.262941433307478156e-01 2.419868843999643526e-01 1.407475319757899856e-01 0.000000000000000000e+00 2.160734155598195150e-01 1.504260552963868347e-01
2.718532741999870050e-01 1.501334013222513364e-01 2.929744658685784486e-01 2.193347001689755493e-01 2.160734155598195150e-01 0.000000000000000000e+00 2.316460968671192888e-01
9.429386013170344694e-02 1.445093797989203954e-01 2.407475102171791059e-01 1.431975152318469002e-01 1.504260552963868347e-01 2.316460968671192888e-01 0.000000000000000000e+00
